0 0.8941666666666667 0.8937666666666666 0.205 0.20416666666666666
0 0.6951333333333333 0.8944333333333333 0.19306666666666666 0.19723333333333334
0 0.4902666666666667 0.8979 0.19443333333333332 0.18473333333333333
0 0.29373333333333335 0.9027666666666666 0.20416666666666666 0.18333333333333332
0 0.09373333333333334 0.9110999999999999 0.18193333333333334 0.17776666666666666
0 0.08956666666666667 0.7208333333333333 0.17916666666666667 0.18056666666666668
0 0.29583333333333334 0.7118 0.2 0.17916666666666667
0 0.4896 0.7007 0.19583333333333333 0.19583333333333333
0 0.6944333333333333 0.6916666666666667 0.1861 0.1889
0 0.8916666666666667 0.6923666666666667 0.2 0.19306666666666666
0 0.8896 0.49583333333333335 0.18193333333333334 0.19443333333333332
0 0.6902666666666667 0.49929999999999997 0.21109999999999998 0.1986
0 0.4854 0.5041666666666667 0.19583333333333333 0.19443333333333332
0 0.2916666666666667 0.5138999999999999 0.20276666666666665 0.19443333333333332
0 0.0889 0.5208333333333334 0.17776666666666666 0.19443333333333332
0 0.09443333333333333 0.3111 0.1889 0.19166666666666668
0 0.2986 0.31456666666666666 0.18056666666666668 0.2014
0 0.4951333333333333 0.30346666666666666 0.1875 0.19306666666666666
0 0.6965333333333333 0.2979 0.18473333333333333 0.19026666666666667
0 0.8951333333333334 0.2889 0.1875 0.19166666666666668
0 0.8979 0.09513333333333333 0.1875 0.19026666666666667
0 0.7048666666666666 0.10206666666666667 0.18473333333333333 0.19583333333333333
0 0.5104 0.10486666666666666 0.19306666666666666 0.20416666666666666
0 0.30833333333333335 0.10833333333333334 0.21109999999999998 0.20556666666666668
0 0.1039 0.1093 0.20776666666666666 0.20526666666666665