0 0.3104 0.6937666666666666 0.1875 0.18473333333333333
0 0.5055666666666666 0.7027666666666668 0.1889 0.1889
0 0.5146 0.8979 0.19306666666666666 0.1875
0 0.3125 0.8895666666666667 0.19723333333333334 0.19026666666666667
0 0.10556666666666667 0.8889 0.21109999999999998 0.20276666666666665
0 0.7118 0.9027666666666666 0.1986 0.18333333333333332
0 0.7 0.7125 0.19166666666666668 0.18333333333333332
0 0.9139 0.9152666666666666 0.17223333333333335 0.16943333333333332
0 0.9146 0.7242999999999999 0.17083333333333334 0.1764
0 0.9041666666666667 0.5201333333333333 0.18056666666666668 0.2014
0 0.7069333333333334 0.5152666666666668 0.1889 0.2
0 0.5007 0.5014 0.20416666666666666 0.2
0 0.30556666666666665 0.49373333333333336 0.20276666666666665 0.19583333333333333
0 0.8993000000000001 0.3201333333333334 0.1986 0.2014
0 0.6979 0.3139 0.20693333333333333 0.19723333333333334
0 0.5007 0.3014 0.1986 0.18056666666666668
0 0.3 0.3027666666666667 0.19723333333333334 0.1889
0 0.10346666666666667 0.6840333333333334 0.19583333333333333 0.17916666666666667
0 0.10623333333333333 0.49373333333333336 0.1986 0.19306666666666666
0 0.10346666666666667 0.29723333333333335 0.1986 0.1861
0 0.8902666666666667 0.1125 0.21109999999999998 0.20833333333333334
0 0.6833333333333333 0.10693333333333332 0.19723333333333334 0.1861
0 0.49166666666666664 0.10206666666666667 0.21109999999999998 0.19583333333333333
0 0.2889 0.10276666666666666 0.19723333333333334 0.20276666666666665
0 0.1007 0.1007 0.19473333333333334 0.19473333333333334