0 0.10671875 0.8942578125 0.19390625 0.1953125
0 0.3083203125 0.89078125 0.203671875 0.1994921875
0 0.516875 0.901796875 0.1911328125 0.1964453125
0 0.5043359375 0.703828125 0.185546875 0.1883203125
0 0.3083203125 0.69265625 0.1785546875 0.174375
0 0.1046484375 0.69265625 0.1897265625 0.174375
0 0.7087109375 0.9026171875 0.1925390625 0.184140625
0 0.702421875 0.7087109375 0.1771875 0.1897265625
0 0.9066796875 0.7177734375 0.1866796875 0.1883203125
0 0.910859375 0.9115625 0.17828125 0.1769140625
0 0.7058984375 0.5105859375 0.1813671875 0.1813671875
0 0.509921875 0.49875 0.1911328125 0.1771875
0 0.31109375 0.4952734375 0.1897265625 0.1925390625
0 0.1025390625 0.4938671875 0.19671875 0.1953125
0 0.9073828125 0.51828125 0.1852734375 0.1994921875
0 0.897734375 0.3083203125 0.19671875 0.1925390625
0 0.6940625 0.311796875 0.19671875 0.185546875
0 0.49734375 0.302734375 0.1883203125 0.1925390625
0 0.2964453125 0.2992578125 0.1994921875 0.1827734375
0 0.1101953125 0.2964453125 0.1980859375 0.174375
0 0.890078125 0.1130078125 0.206484375 0.1980859375
0 0.6863671875 0.108125 0.1953125 0.1994921875
0 0.486171875 0.1039453125 0.19671875 0.19671875
0 0.292265625 0.1018359375 0.19671875 0.2008984375
0 0.101015625 0.1023828125 0.1941796875 0.1969921875