0 0.9025 0.9146 0.18833333333333332 0.17083333333333334
0 0.7125 0.8997333333333334 0.1889 0.19390000000000002
0 0.5257000000000001 0.8937333333333334 0.1986 0.2014
0 0.3090333333333333 0.8934666666666667 0.2236 0.2064
0 0.10556666666666667 0.8955666666666667 0.21109999999999998 0.20223333333333335
0 0.9021 0.7229 0.18473333333333333 0.19306666666666666
0 0.7041666666666667 0.7187333333333333 0.20833333333333334 0.2014
0 0.5069333333333333 0.7055666666666667 0.1861 0.1861
0 0.31043333333333334 0.6909666666666666 0.2125 0.1986
0 0.09723333333333334 0.6861 0.19443333333333332 0.2139
0 0.9 0.5187666666666666 0.19166666666666668 0.20416666666666666
0 0.6951333333333333 0.5187666666666666 0.19306666666666666 0.20416666666666666
0 0.5041666666666667 0.5090333333333333 0.2 0.1986
0 0.30346666666666666 0.4965333333333334 0.19306666666666666 0.19026666666666667
0 0.1021 0.4847333333333333 0.20416666666666666 0.19443333333333332
0 0.8990333333333332 0.3139 0.19526666666666667 0.20276666666666665
0 0.6958333333333333 0.3104 0.20556666666666668 0.1986
0 0.49583333333333335 0.30626666666666663 0.18333333333333332 0.19306666666666666
0 0.29583333333333334 0.3 0.19723333333333334 0.19166666666666668
0 0.1007 0.2889 0.19306666666666666 0.1861
0 0.8951333333333334 0.1118 0.19026666666666667 0.19026666666666667
0 0.6854 0.11043333333333334 0.18193333333333334 0.1875
0 0.48610000000000003 0.1014 0.19443333333333332 0.20276666666666665
0 0.2895666666666667 0.09653333333333333 0.17916666666666667 0.19306666666666666
0 0.09833333333333333 0.1007 0.19666666666666666 0.19473333333333334