0 0.7097333333333333 0.9046 0.1889 0.18416666666666667
0 0.5117999999999999 0.8965333333333333 0.2014 0.1986
0 0.30973333333333336 0.8889 0.19443333333333332 0.19723333333333334
0 0.1007 0.8916666666666667 0.2014 0.1861
0 0.7020666666666667 0.7118 0.1736 0.19306666666666666
0 0.5055666666666666 0.6923666666666667 0.18333333333333332 0.18473333333333333
0 0.3104 0.6916666666666667 0.2014 0.18333333333333332
0 0.1014 0.6916666666666667 0.175 0.18333333333333332
0 0.1 0.4965333333333334 0.18333333333333332 0.1875
0 0.30623333333333336 0.4965333333333334 0.1986 0.1986
0 0.5055666666666666 0.5007 0.19166666666666668 0.17916666666666667
0 0.7034666666666667 0.5111 0.19306666666666666 0.18056666666666668
0 0.6854 0.30833333333333335 0.17916666666666667 0.20556666666666668
0 0.4944333333333334 0.3027666666666667 0.2 0.18056666666666668
0 0.2979 0.2993 0.19583333333333333 0.18473333333333333
0 0.10206666666666667 0.2902666666666667 0.1764 0.18056666666666668
0 0.9066666666666666 0.9083333333333333 0.18 0.16666666666666666
0 0.8916666666666667 0.725 0.19166666666666668 0.2
0 0.9059666666666667 0.525 0.1814 0.19723333333333334
0 0.9025 0.31736666666666663 0.18833333333333332 0.19583333333333333
0 0.9010999999999999 0.1118 0.1911 0.1875
0 0.6833333333333333 0.1014 0.2 0.18056666666666668
0 0.4875 0.10276666666666666 0.17776666666666666 0.2
0 0.28263333333333335 0.0993 0.18473333333333333 0.18473333333333333
0 0.09373333333333334 0.09820000000000001 0.18083333333333335 0.18306666666666668