0 0.6951333333333333 0.7132000000000001 0.19583333333333333 0.17083333333333334
0 0.5055666666666666 0.7048666666666666 0.16666666666666666 0.16806666666666667
0 0.3118 0.6854 0.17083333333333334 0.16806666666666667
0 0.10486666666666666 0.6826333333333333 0.1764 0.18193333333333334
0 0.09443333333333333 0.5 0.1861 0.15833333333333333
0 0.3132 0.5014 0.15416666666666667 0.18056666666666668
0 0.5048666666666667 0.5021 0.15693333333333334 0.19026666666666667
0 0.7083333333333334 0.5166666666666667 0.1611 0.20556666666666668
0 0.6895666666666667 0.30763333333333337 0.17916666666666667 0.19583333333333333
0 0.49096666666666666 0.30346666666666666 0.1625 0.1764
0 0.2889 0.2930666666666667 0.18056666666666668 0.18333333333333332
0 0.09513333333333333 0.2889 0.19026666666666667 0.18056666666666668
0 0.0979 0.8902666666666667 0.19026666666666667 0.20276666666666665
0 0.30416666666666664 0.8916666666666667 0.19443333333333332 0.19723333333333334
0 0.5117999999999999 0.8958333333333334 0.19026666666666667 0.1889
0 0.7083333333333334 0.9 0.1889 0.17223333333333335
0 0.9048666666666666 0.9115333333333333 0.1764 0.17026666666666665
0 0.9101333333333333 0.725 0.17306666666666667 0.19443333333333332
0 0.9027666666666666 0.5146 0.16943333333333332 0.19306666666666666
0 0.9014000000000001 0.30623333333333336 0.18056666666666668 0.2014
0 0.8965333333333333 0.10346666666666667 0.19026666666666667 0.1875
0 0.6743 0.10346666666666667 0.19583333333333333 0.18193333333333334
0 0.48889999999999995 0.10486666666666666 0.175 0.1875
0 0.2861 0.0986 0.1861 0.19723333333333334
0 0.09626666666666667 0.09486666666666667 0.1925 0.18973333333333334