0 0.5090333333333333 0.5132 0.18473333333333333 0.19026666666666667
0 0.4972333333333333 0.7993 0.175 0.1764
0 0.6361 0.6611 0.175 0.19443333333333332
0 0.3562666666666667 0.9152666666666666 0.16806666666666667 0.16943333333333332
0 0.3673666666666666 0.6472333333333333 0.20973333333333333 0.18333333333333332
0 0.22569999999999998 0.7867999999999999 0.18193333333333334 0.1986
0 0.7805666666666666 0.5069333333333333 0.1861 0.1889
0 0.6375 0.3590333333333333 0.20276666666666665 0.1875
0 0.5020666666666667 0.21666666666666667 0.18473333333333333 0.19723333333333334
0 0.3652666666666667 0.35973333333333335 0.1861 0.21109999999999998
0 0.23123333333333335 0.49373333333333336 0.19026666666666667 0.18473333333333333
0 0.6409666666666667 0.9354 0.19026666666666667 0.12916666666666668
0 0.7861 0.8187333333333333 0.19443333333333332 0.16806666666666667
0 0.9173666666666666 0.6541666666666667 0.16526666666666667 0.19166666666666668
0 0.9052666666666667 0.35069999999999996 0.18276666666666666 0.2125
0 0.6347333333333333 0.09166666666666666 0.1861 0.18333333333333332
0 0.7701333333333333 0.20623333333333332 0.1875 0.21526666666666666
0 0.08956666666666667 0.6430666666666667 0.17916666666666667 0.21109999999999998
0 0.09166666666666666 0.35 0.16666666666666666 0.18333333333333332
0 0.22293333333333332 0.21943333333333334 0.1875 0.19443333333333332
0 0.365 0.08236666666666667 0.19666666666666666 0.16473333333333334