3 0.7916666666666666 0.5104 0.11666666666666667 0.14026666666666665
3 0.6597333333333333 0.5117999999999999 0.14723333333333333 0.14583333333333334
3 0.5215333333333334 0.5117999999999999 0.13473333333333334 0.12916666666666668
3 0.38680000000000003 0.5083333333333333 0.14306666666666668 0.1389
3 0.9187666666666666 0.5104 0.14306666666666668 0.12916666666666668
3 0.9201333333333334 0.6507000000000001 0.12359999999999999 0.14859999999999998
3 0.7979 0.6562333333333333 0.12359999999999999 0.13473333333333334
3 0.6666666666666666 0.6562333333333333 0.13333333333333333 0.13473333333333334
3 0.5264 0.6597333333333333 0.1361 0.1389
3 0.39026666666666665 0.6562333333333333 0.1389 0.14583333333333334
3 0.2479 0.5097333333333333 0.14859999999999998 0.14166666666666666
3 0.25556666666666666 0.6541666666666667 0.11943333333333332 0.15833333333333333
3 0.11736666666666667 0.65 0.15973333333333334 0.15833333333333333
3 0.10416666666666667 0.5062333333333333 0.14723333333333333 0.12916666666666668
3 0.9215333333333333 0.36943333333333334 0.13193333333333332 0.13333333333333333
3 0.7902666666666667 0.36873333333333336 0.13333333333333333 0.13193333333333332
3 0.6590333333333334 0.37706666666666666 0.1375 0.1264
3 0.5187333333333334 0.38123333333333337 0.14306666666666668 0.14026666666666665
3 0.38193333333333335 0.3715333333333333 0.13056666666666666 0.14306666666666668
3 0.24373333333333336 0.37986666666666663 0.13193333333333332 0.14859999999999998
3 0.09833333333333333 0.3673666666666666 0.14166666666666666 0.14306666666666668