3 0.7986000000000001 0.6541666666666667 0.125 0.15276666666666666
3 0.6687333333333334 0.6569333333333334 0.12916666666666668 0.15
3 0.5340333333333334 0.6590333333333334 0.13193333333333332 0.14306666666666668
3 0.4 0.6514 0.13333333333333333 0.1361
3 0.25833333333333336 0.6645666666666666 0.13333333333333333 0.13473333333333334
3 0.11806666666666667 0.65 0.14166666666666666 0.13333333333333333
3 0.9270666666666667 0.6493 0.12916666666666668 0.14859999999999998
3 0.9173666666666666 0.5132 0.12083333333333333 0.12916666666666668
3 0.7902666666666667 0.5111 0.12223333333333333 0.13333333333333333
3 0.6625 0.5173666666666666 0.11943333333333332 0.12916666666666668
3 0.5298666666666667 0.5201333333333333 0.13473333333333334 0.12359999999999999
3 0.3875 0.5125 0.1389 0.1361
3 0.25 0.525 0.1389 0.14443333333333333
3 0.1014 0.5173666666666666 0.15556666666666666 0.13193333333333332
3 0.9229333333333333 0.37013333333333337 0.13193333333333332 0.15416666666666667
3 0.7916666666666666 0.37083333333333335 0.13056666666666666 0.14443333333333333
3 0.6652666666666667 0.38056666666666666 0.13056666666666666 0.14443333333333333
3 0.5270666666666667 0.38123333333333337 0.14026666666666665 0.1514
3 0.39166666666666666 0.3743 0.12776666666666667 0.14026666666666665
3 0.2479 0.37776666666666664 0.14583333333333334 0.14723333333333333
3 0.1 0.3714 0.14666666666666667 0.1561