3 0.6652666666666667 0.6548666666666667 0.12776666666666667 0.1375
3 0.5333333333333333 0.6604 0.12776666666666667 0.14306666666666668
3 0.39930000000000004 0.6514 0.12916666666666668 0.13333333333333333
3 0.25556666666666666 0.6617999999999999 0.15276666666666666 0.14306666666666668
3 0.11596666666666666 0.6548666666666667 0.14026666666666665 0.14026666666666665
3 0.8 0.6507000000000001 0.13056666666666666 0.14306666666666668
3 0.9264 0.6382 0.11666666666666667 0.12916666666666668
3 0.9215333333333333 0.5062333333333333 0.14306666666666668 0.12083333333333333
3 0.7888999999999999 0.5104 0.13333333333333333 0.13193333333333332
3 0.6576333333333333 0.5166666666666667 0.13193333333333332 0.12776666666666667
3 0.5222333333333333 0.5145666666666667 0.15 0.13193333333333332
3 0.3937333333333333 0.5104 0.1514 0.13193333333333332
3 0.2409666666666667 0.5215333333333334 0.15693333333333334 0.14306666666666668
3 0.0986 0.5076333333333333 0.13056666666666666 0.1375
3 0.9215333333333333 0.3743 0.1375 0.12916666666666668
3 0.7902666666666667 0.36873333333333336 0.13333333333333333 0.1375
3 0.6638999999999999 0.38123333333333337 0.1139 0.13473333333333334
3 0.525 0.38056666666666666 0.125 0.1361
3 0.38333333333333336 0.36873333333333336 0.12223333333333333 0.13193333333333332
3 0.24583333333333332 0.3764 0.14443333333333333 0.14166666666666666
3 0.09556666666666667 0.37 0.14443333333333333 0.15333333333333332