3 0.9264 0.6444333333333334 0.125 0.12223333333333333
3 0.8014 0.6521 0.125 0.13193333333333332
3 0.6666666666666666 0.6541666666666667 0.1389 0.12776666666666667
3 0.5367999999999999 0.6569333333333334 0.13193333333333332 0.12776666666666667
3 0.4014 0.6479333333333334 0.13333333333333333 0.1264
3 0.2625 0.6632 0.1389 0.12916666666666668
3 0.11943333333333332 0.6534666666666666 0.14166666666666666 0.14026666666666665
3 0.9208333333333333 0.5104 0.12776666666666667 0.13473333333333334
3 0.7944333333333333 0.5145666666666667 0.125 0.12916666666666668
3 0.6632 0.5208333333333334 0.1264 0.13056666666666666
3 0.5243 0.5222333333333333 0.13193333333333332 0.1361
3 0.3882 0.5117999999999999 0.12916666666666668 0.14306666666666668
3 0.2486 0.525 0.13333333333333333 0.13333333333333333
3 0.10206666666666667 0.5159666666666667 0.13473333333333334 0.12916666666666668
3 0.7958333333333333 0.3715333333333333 0.12776666666666667 0.13473333333333334
3 0.925 0.37706666666666666 0.12223333333333333 0.13193333333333332
3 0.6673666666666667 0.3826333333333334 0.12916666666666668 0.1375
3 0.5305666666666666 0.38333333333333336 0.12776666666666667 0.12776666666666667
3 0.1032 0.37 0.14583333333333334 0.13943333333333333
3 0.24930000000000002 0.3826333333333334 0.1375 0.13473333333333334
3 0.3896 0.36873333333333336 0.14026666666666665 0.1375