3 0.6007 0.8194333333333333 0.1264 0.1389
3 0.5076333333333333 0.7173666666666667 0.13473333333333334 0.15416666666666667
3 0.4152666666666667 0.6347333333333333 0.13333333333333333 0.14443333333333333
3 0.3222333333333333 0.5312333333333333 0.14166666666666666 0.14859999999999998
3 0.2125 0.44166666666666665 0.1361 0.15833333333333333
3 0.7 0.7166666666666667 0.1361 0.14443333333333333
3 0.5979 0.6257 0.13193333333333332 0.14859999999999998
3 0.4944333333333334 0.5284666666666666 0.13056666666666666 0.15973333333333334
3 0.40973333333333334 0.42569999999999997 0.13333333333333333 0.14583333333333334
3 0.3027666666666667 0.3409666666666667 0.13056666666666666 0.14859999999999998
3 0.7951333333333334 0.8027666666666667 0.14306666666666668 0.13333333333333333
3 0.7013999999999999 0.9 0.13056666666666666 0.1361
3 0.12359999999999999 0.3389 0.15 0.1611
3 0.2118 0.22776666666666667 0.14026666666666665 0.14723333333333333
3 0.8819333333333332 0.7125 0.11666666666666667 0.13333333333333333
3 0.7972333333333332 0.6145666666666667 0.13056666666666666 0.13473333333333334
3 0.6979 0.5264 0.1375 0.15
3 0.6007 0.4340333333333334 0.14026666666666665 0.14859999999999998
3 0.5145666666666667 0.32916666666666666 0.13473333333333334 0.15
3 0.40209999999999996 0.23333333333333334 0.1375 0.13333333333333333
3 0.3079 0.12416666666666666 0.14806666666666668 0.15223333333333333