3 0.7833333333333333 0.5090333333333333 0.13056666666666666 0.13473333333333334
3 0.6548666666666667 0.5187666666666666 0.13193333333333332 0.13193333333333332
3 0.5229 0.5152666666666668 0.15693333333333334 0.12776666666666667
3 0.3861 0.5166666666666667 0.12776666666666667 0.14166666666666666
3 0.2514 0.5187333333333334 0.15556666666666666 0.14026666666666665
3 0.8007000000000001 0.6541666666666667 0.12359999999999999 0.14443333333333333
3 0.6638999999999999 0.6555666666666666 0.13056666666666666 0.1389
3 0.5402666666666667 0.6562333333333333 0.1361 0.14026666666666665
3 0.39930000000000004 0.6597333333333333 0.14859999999999998 0.14443333333333333
3 0.25833333333333336 0.6652666666666667 0.14443333333333333 0.1361
3 0.1139 0.6507000000000001 0.15 0.14306666666666668
3 0.10276666666666666 0.5111 0.14443333333333333 0.15
3 0.9268000000000001 0.6507000000000001 0.13973333333333335 0.1375
3 0.9215333333333333 0.5062333333333333 0.13473333333333334 0.12916666666666668
3 0.9236 0.37223333333333336 0.13333333333333333 0.12776666666666667
3 0.7895666666666666 0.37013333333333337 0.12916666666666668 0.1375
3 0.6611 0.38333333333333336 0.1361 0.13333333333333333
3 0.5257000000000001 0.3757 0.14306666666666668 0.12359999999999999
3 0.3896 0.36873333333333336 0.12083333333333333 0.12916666666666668
3 0.24583333333333332 0.3784666666666667 0.11943333333333332 0.13193333333333332
3 0.1011 0.37206666666666666 0.15556666666666666 0.1575